 0.000258
 0.000056
 0.000306
 0.000423
 0.000329
 0.000422
 0.000386
 0.000106
 0.000437
 0.000360
 0.000531
 0.000553
 0.000149
 0.000605
 0.000672
 0.000711
 0.000807
 0.000790
 0.000202
 0.000856
 0.000893
 0.000944
 0.001081
 0.001010
 0.000265
 0.001424
 0.000253
 0.001233
 0.001405
 0.001302
 0.000367
 0.000389
 0.002229
 0.001536
 0.000352
 0.001595
 0.001655
 0.001719
 0.001875
 0.001859
 0.001925
 0.002091
 0.001921
 0.000481
 0.002323
 0.001903
 0.002690
 0.001572
 0.002468
 0.002771
