 0.000209
 0.000514
 0.000653
 0.000519
 0.004306
 0.000766
 0.000763
 0.000783
 0.001336
 0.000942
 0.001401
 0.001346
 0.001058
 0.001267
 0.001108
 0.001410
 0.001209
 0.000980
 0.001374
 0.001098
 0.001673
 0.002583
 0.001685
 0.006220
 0.002261
 0.001778
 0.001696
 0.001809
 0.002691
 0.002034
 0.002139
 0.002238
 0.001962
 0.002338
 0.003798
 0.001843
 0.001875
 0.002151
 0.002630
 0.001790
 0.003246
 0.002763
 0.002979
 0.002647
 0.003749
 0.003375
 0.002457
 0.003129
 0.003244
 0.004108
