 0.000266
 0.000468
 0.000523
 0.000542
 0.000725
 0.000738
 0.000308
 0.000887
 0.001268
 0.000913
 0.001032
 0.001060
 0.001336
 0.001102
 0.001235
 0.000854
 0.001722
 0.001632
 0.001449
 0.000535
 0.001718
 0.000459
 0.001428
 0.002006
 0.002061
 0.000485
 0.001873
 0.001866
 0.002198
 0.002187
 0.002501
 0.000664
 0.001451
 0.002587
 0.002568
 0.002830
 0.003019
 0.002456
 0.001377
 0.000813
 0.002702
 0.002458
 0.002496
 0.003063
 0.002955
 0.003577
 0.003751
 0.003784
 0.003702
 0.003589
